5
30 20 30 15 5
100	100	100 100 100
ALYY04118507 83 85.00 58.00
56.00 100.0
AOSB31148601 84.0 	86.00 71.00 74.00 8.00   
AOYA08148408 81.0 80.00 37.562 48.00 60.0
BILF15038304 74.0 30.00 21.00 60.00 0.00    
BLYP40118603 75.0 80 81.00 78.00 100.0
BOLS47118401 81.0 80.00 64.00 81.00 80.0 BOQI14078708 80.0 88.00 65.00 75.00 60.0
BOUG43018404 74.0 47.00 67.00 73.00 60.0
BUAA14088403 83.0 85.00 77.00 78.00 80.0
BYBI17078108 80.0 88.00 61.00 55.00 70.0
CHAA31607806 84.0 83.00 68.00 77.00 70.0
CYHG41548405 75.0 88.00 73.00 74.00 70.0
DAAD04088403 81.0 84.00 60.00 75.00 80.0 DIYM05088105 83.0 57.00 38.00 58.00 60.0 DOSH10578306 83.0 57.00 68.00 74.00 70.0
DUCH16048404 83.0 80.00 51.00 56.00 80.0
DYVW45068405 83.0 57.00 48.00 68.00 60.0
FLAF18088105 78.0 71.00 64.00 65.00 60.0
GAAM17078606 81.0 84.00 36.00 68.00 80.0
HDYK08058307 81.0 65.00 61.00 44.00 60.0
HGUP15048001 75.0 53.00 81.00 73.00 60.0
HOSC05018807 74.0 47.00 58.00 64.00 6.00	 
HOUY06078804 75.0 53.00 53.00 58.00 60.0
IDAI15048506 84.0 83.00 68.00 83.00 70.0
JODJ08048408 84.0 86.00 74.00 81.00 100.0
JOLY11048104 81.0 65.00 74.00 65.00 40.0
JOSD01078801 78.0 71.00 46.00 58.00 60.0
LYMS05048403 83.0 80.00 76.00 87.00 100.0
LYVV18088404 81.0 80.00 56.00 63.00 60.0
PAAK04088601 74.0 75.00 47.00 38.00 60.0
PAAP47038600 84.0 86.00 47.00 74.00 100.0
PALS43038400 75.0 88.00 61.00 53.00 60.0
PIQF16088608 75.0 80.00 68.00 84.00 80.0
POUS31017804 74.0 75.00 56.00 77.00 100.0
PYQL40088108 74.0 75.00 56.00 74.00 80.0
PYYH45588304 75.0 53.00 64.00 78.00 7.00  
QAAM44148101 83.0 80.00 66.00 84.00 100.0
QAYM17108104    81.0 84.00 64.00 36.00 60.0
QLIH10648100 81.0 65.00 34.00 38.00 30.0
QUYK14058106 84.0 83.00 40.00 65.00 60.0
YLLA40108301 78.0 71.00 56.00 61.00 80.0
YLLF08648803 75.0 88.00 57.00 77.00 70.0
YLSY04518408 74.0 47.00 36.00 63.00 40.0
ZYZX15118001 75.0 80.00 14.00 64.00 40.3
